[gd_scene load_steps=25 format=3 uid="uid://dv86xtc3fdm7b"]

[ext_resource type="Texture2D" uid="uid://drrsjv0xeb3gj" path="res://Textures/SBS - Tiny Texture Pack 2 - 128x128/128x128/Tile/Tile_25-128x128.png" id="1_fpm2e"]
[ext_resource type="Texture2D" uid="uid://cr3ul8xw5p2j0" path="res://Textures/SBS - Tiny Texture Pack 2 - 128x128/128x128/Stone/Stone_18-128x128.png" id="2_ngm3n"]
[ext_resource type="Texture2D" uid="uid://dmtxhb1v2enou" path="res://Textures/SBS - Tiny Texture Pack 2 - 128x128/128x128/Wood/Wood_01-128x128.png" id="3_iw13s"]
[ext_resource type="PackedScene" uid="uid://diglyl8hs2hbj" path="res://Models/PSX Model Pack/Desk/desk2.fbx" id="4_wv56m"]
[ext_resource type="PackedScene" uid="uid://bsgn2bhqa1jcs" path="res://Models/PSX Model Pack/Filing Cabinet/cabinet.tscn" id="5_atlnf"]
[ext_resource type="PackedScene" uid="uid://ywi7hm2qed5s" path="res://Models/PSX Model Pack/PizzaBox/pizzabox.fbx" id="5_qgex8"]
[ext_resource type="PackedScene" uid="uid://druyk42beva4p" path="res://Models/PSX Model Pack/Soda Can/can.fbx" id="6_rt5ns"]
[ext_resource type="PackedScene" uid="uid://k7jg0hnrmbfp" path="res://Models/PSXMiscGuns/Makarov/makarov.tscn" id="7_d8r3a"]
[ext_resource type="PackedScene" uid="uid://j5knlxppwyqp" path="res://Models/PSXAmmoBoxes/9mm/9mm_240.fbx" id="8_884gv"]
[ext_resource type="PackedScene" uid="uid://dgxkwplf125sl" path="res://Models/PSXAssaultRifle[FIXED]/AK/RPK/rpk.tscn" id="9_cjymq"]
[ext_resource type="PackedScene" uid="uid://c55wqdnbwasmy" path="res://Models/PSXAmmoBoxes/Automatic Ammo/Auto_Ammo_240.fbx" id="10_qit75"]
[ext_resource type="PackedScene" uid="uid://chchpg5wqvr2a" path="res://Models/PSXAmmoBoxes/12g/12g_Green_240.fbx" id="12_1st5m"]
[ext_resource type="PackedScene" uid="uid://c8ueltvriji5r" path="res://Models/PSXShotgunPack[FIXED]/Files/pumpActionShotgun/pumplong.tscn" id="12_2iigs"]
[ext_resource type="PackedScene" uid="uid://cakuryxvsdsu7" path="res://Models/PSXCigarette Pack[FIXED]/opencigs.tscn" id="13_ck6md"]
[ext_resource type="ArrayMesh" uid="uid://yq88vh5ccc5m" path="res://Models/PSXHealingItems[Fixed]/Pill_Bottle/Pill_bottle.obj" id="14_8s42c"]
[ext_resource type="PackedScene" uid="uid://be431njd85lof" path="res://Models/PSXAmmoBoxes/Large Ammo Box/large_ammo_box_240.fbx" id="15_u7c5s"]
[ext_resource type="PackedScene" uid="uid://omkewlcxgme" path="res://Models/tv.tscn" id="16_y01a0"]
[ext_resource type="PackedScene" uid="uid://bbxmwiprhws16" path="res://Models/painting1.tscn" id="18_vxtcu"]
[ext_resource type="PackedScene" uid="uid://thay1skanou1" path="res://Models/door1.tscn" id="19_ae0oy"]

[sub_resource type="StandardMaterial3D" id="StandardMaterial3D_ftpwb"]
albedo_texture = ExtResource("1_fpm2e")
uv1_scale = Vector3(3, 3, 3)

[sub_resource type="StandardMaterial3D" id="StandardMaterial3D_t8oci"]
albedo_texture = ExtResource("2_ngm3n")

[sub_resource type="StandardMaterial3D" id="StandardMaterial3D_ygkwb"]
albedo_texture = ExtResource("3_iw13s")
uv1_triplanar = true

[sub_resource type="StandardMaterial3D" id="StandardMaterial3D_lkut6"]
albedo_texture = ExtResource("3_iw13s")
uv1_triplanar = true

[sub_resource type="StandardMaterial3D" id="StandardMaterial3D_y1fbd"]
albedo_texture = ExtResource("3_iw13s")
uv1_triplanar = true

[node name="MainMenu3dScene" type="Node3D"]

[node name="CSGCombiner3D" type="CSGCombiner3D" parent="."]

[node name="CSGBox3D" type="CSGBox3D" parent="CSGCombiner3D"]
transform = Transform3D(1, 0, 0, 0, 1, 0, 0, 0, 1, 0, 0, -3)
size = Vector3(7, 1, 7)
material = SubResource("StandardMaterial3D_ftpwb")

[node name="CSGBox3D5" type="CSGBox3D" parent="CSGCombiner3D"]
transform = Transform3D(1, 0, 0, 0, 1, 0, 0, 0, 1, 0, 5, -3)
size = Vector3(7, 1, 7)
material = SubResource("StandardMaterial3D_t8oci")

[node name="CSGBox3D2" type="CSGBox3D" parent="CSGCombiner3D"]
transform = Transform3D(1, 0, 0, 0, -4.37114e-08, 1, 0, -1, -4.37114e-08, 0, 2, -6)
size = Vector3(7, 1, 5)
material = SubResource("StandardMaterial3D_ygkwb")

[node name="CSGBox3D3" type="CSGBox3D" parent="CSGCombiner3D"]
transform = Transform3D(0, 1, 0, 4.37114e-08, 2.30371e-15, 1, 1, 0, -4.37114e-08, 3, 2, -3)
size = Vector3(7, 1, 5)
material = SubResource("StandardMaterial3D_lkut6")

[node name="CSGBox3D4" type="CSGBox3D" parent="CSGCombiner3D"]
transform = Transform3D(0, 1, 0, 4.37114e-08, 2.30371e-15, 1, 1, 0, -4.37114e-08, -3, 2, -3)
size = Vector3(7, 1, 5)
material = SubResource("StandardMaterial3D_y1fbd")

[node name="SpotLight3D" type="SpotLight3D" parent="."]
transform = Transform3D(1, 0, 0, 0, -5.96046e-08, 1, 0, -1, -5.96046e-08, 0, 4.86602, -2.5)
light_color = Color(1, 1, 0.611765, 1)
light_energy = 3.586
light_indirect_energy = 2.777
light_volumetric_fog_energy = 2.535
light_specular = 7.611
spot_range = 6.433

[node name="Camera3D" type="Camera3D" parent="."]
transform = Transform3D(1, 0, 0, 0, 0.965926, 0.258819, 0, -0.258819, 0.965926, 0, 2.48236, 0.0681484)

[node name="table" parent="." instance=ExtResource("4_wv56m")]
transform = Transform3D(-3.0598e-08, 0, 0.7, 0, 0.7, 0, -0.7, 0, -3.0598e-08, -6.11959e-08, 0, -2.4)

[node name="pizza" parent="table" instance=ExtResource("5_qgex8")]
transform = Transform3D(-0.344295, 0, 0.607178, 0, 0.698, 0, -0.607178, 0, -0.344295, -0.514502, 2.41753, -1.53518)

[node name="can3" parent="table" instance=ExtResource("6_rt5ns")]
transform = Transform3D(0.609025, 0, 0.793151, 0, 1, 0, -0.793151, 0, 0.609025, 0.0312538, 2.69444, -0.718518)

[node name="can2" parent="table" instance=ExtResource("6_rt5ns")]
transform = Transform3D(0.609025, 0, 0.793151, 0, 1, 0, -0.793151, 0, 0.609025, -0.266314, 2.69444, -0.445895)

[node name="can" parent="table" instance=ExtResource("6_rt5ns")]
transform = Transform3D(0.476387, 0.666731, 0.573171, -0.792414, 0.0431138, 0.608458, 0.380967, -0.74405, 0.548866, -0.520847, 2.51226, -0.524525)

[node name="makarov" parent="table" instance=ExtResource("7_d8r3a")]
transform = Transform3D(0.27154, 0.383623, -1.67687e-08, 0, -2.05444e-08, -0.47, -0.383623, 0.27154, -1.18694e-08, -0.846127, 2.46624, 0.844564)

[node name="Root Scene" parent="table" instance=ExtResource("8_884gv")]
transform = Transform3D(0.197847, 0, 0.225514, 0, 0.3, 0, -0.225514, 0, 0.197847, -0.928415, 2.41807, 1.8275)

[node name="Root Scene3" parent="table/Root Scene" instance=ExtResource("8_884gv")]
transform = Transform3D(0.980313, 0, -0.197452, 0, 1, 0, 0.197452, 0, 0.980313, 0, 0.790455, 0)

[node name="Root Scene2" parent="table/Root Scene" instance=ExtResource("8_884gv")]
transform = Transform3D(0.430369, 0, -0.902653, 0, 1, 0, 0.902653, 0, 0.430369, 0, 0.362538, 0)

[node name="rpk" parent="table" instance=ExtResource("9_cjymq")]
transform = Transform3D(-0.195135, 0.0259118, 0.785717, 0.106623, 0.802952, 8.96586e-09, -0.77888, 0.103427, -0.196848, 0.782695, 1.65617, 0.99197)

[node name="Root Scene2" parent="table" instance=ExtResource("10_qit75")]
transform = Transform3D(0.0866862, 0, -0.996236, 0, 1, 0, 0.996236, 0, 0.0866862, 0.206455, 1.57377, 0.488727)

[node name="Root Scene3" parent="table" instance=ExtResource("10_qit75")]
transform = Transform3D(-0.86516, 0, -0.501496, 0, 1, 0, 0.501496, 0, -0.86516, 0.123219, 1.57377, 0.360051)

[node name="pumpy" parent="table" instance=ExtResource("12_2iigs")]
transform = Transform3D(0.122618, 0.122619, -0.64717, 0.564644, 0.319407, 0.1675, 0.339178, -0.576059, -0.0448815, -1.26281, 1.83967, -0.446149)

[node name="Root Scene4" parent="table" instance=ExtResource("12_1st5m")]
transform = Transform3D(-0.225699, 0, -0.974197, 0, 1, 0, 0.974197, 0, -0.225699, -0.846682, 2.42818, 0.218227)

[node name="Root Scene5" parent="table" instance=ExtResource("13_ck6md")]
transform = Transform3D(-0.336254, 0, -0.0503314, 0, 0.34, 0, 0.0503314, 0, -0.336254, -0.641779, 2.33207, 1.41871)

[node name="Root Scene6" parent="table" instance=ExtResource("13_ck6md")]
transform = Transform3D(-0.328724, -0.070881, -0.0501626, -0.050327, -0.00454541, 0.336224, -0.0707644, 0.332499, -0.00609717, 0.0150068, 1.93039, 1.23142)

[node name="Root Scene7" parent="table" instance=ExtResource("13_ck6md")]
transform = Transform3D(-0.228807, 0, -0.251491, 0, 0.34, 0, 0.251491, 0, -0.228807, 0.179116, 2.42047, -1.68113)

[node name="PillBottle" type="MeshInstance3D" parent="table"]
transform = Transform3D(-0.223704, 0, 0.186112, 0, 0.291, 0, -0.186112, 0, -0.223704, -0.766531, 2.49769, -0.80316)
mesh = ExtResource("14_8s42c")
skeleton = NodePath("../..")

[node name="tv" parent="table" instance=ExtResource("16_y01a0")]
transform = Transform3D(0.237759, 0, -0.868027, 0, 0.9, 0, 0.868027, 0, 0.237759, 0.981113, 3.4416, -1.42707)

[node name="Cabinet" parent="." instance=ExtResource("5_atlnf")]
transform = Transform3D(-2.75382e-08, 0, 0.63, 0, 0.63, 0, -0.63, 0, -2.75382e-08, 0.0418292, 0, -4.49902)

[node name="Cabinet2" parent="." instance=ExtResource("5_atlnf")]
transform = Transform3D(-2.75382e-08, -0.163056, 0.608533, 0, 0.608533, 0.163056, -0.63, 7.1274e-09, -2.65998e-08, 1.93183, 0, -4.49902)

[node name="Ammobox" parent="." instance=ExtResource("15_u7c5s")]
transform = Transform3D(-0.541136, 0, -0.840935, 0, 1, 0, 0.840935, 0, -0.541136, 0.284128, 0.474215, -2.04313)

[node name="Ammobox2" parent="." instance=ExtResource("15_u7c5s")]
transform = Transform3D(-0.902495, 0, -0.4307, 0, 1, 0, 0.4307, 0, -0.902495, -0.60831, 0.474215, -2.10745)

[node name="Ammobox3" parent="." instance=ExtResource("15_u7c5s")]
transform = Transform3D(0.000917999, -0.217477, -0.976065, -0.994661, 0.100521, -0.0233325, 0.103189, 0.970876, -0.216224, 0.951464, 0.818791, -2.24152)

[node name="Node3D" parent="." instance=ExtResource("18_vxtcu")]
transform = Transform3D(-1.79217e-08, 0, -1, 0, 0.59, 0, 0.41, 0, -4.37114e-08, 2.21917, 3, -2.32067)

[node name="Node3D2" parent="." instance=ExtResource("19_ae0oy")]
transform = Transform3D(-1.28511e-08, 0, 0.33, 0, 0.433, 0, -0.294, 0, -1.44248e-08, -2.654, 2, -1.94)

[node name="AudioStreamPlayer3D" type="AudioStreamPlayer3D" parent="."]
autoplay = true
