{
  "asset": {
    "version": "2.0",
    "generator": "GLTFExporter"
  },
  "scenes": [
    {
      "name": "AuxScene",
      "nodes": [
        44
      ]
    }
  ],
  "scene": 0,
  "nodes": [
    {
      "rotation": [
        -0.02145037520003014,
        0.9996285750908793,
        0.00714374030165418,
        0.01521710353709861
      ],
      "translation": [
        1.4690158423036337e-8,
        0.18002331256866455,
        -1.8970638393511763e-9
      ],
      "scale": [
        1.0000001192092896,
        0.9999995827674866,
        1
      ],
      "name": "toeR",
      "extras": {
        "transformData": {
          "inheritType": 1,
          "eulerOrder": "ZYX",
          "translation": [
            1.4690158423036337e-8,
            0.18002331256866455,
            -1.8970638393511763e-9
          ],
          "rotation": [
            -0.781297335029825,
            178.23905929752198,
            2.4465605272070503
          ],
          "scale": [
            1.0000001192092896,
            0.9999995827674866,
            1
          ],
          "parentMatrixWorld": {
            "elements": [
              0.9511825970875019,
              -0.21734807270913073,
              0.21911522767487582,
              0,
              0.14395691381122658,
              -0.31555106132652533,
              -0.9379253455556781,
              0,
              0.2729983378048519,
              0.9236815282201698,
              -0.26885795300264964,
              0,
              -9.575160220265388e-9,
              0.5440642833709717,
              -9.41278699428949e-9,
              1
            ]
          }
        }
      }
    },
    {
      "rotation": [
        -0.7961770499339822,
        0.023044861348361406,
        -0.15452390048689518,
        0.5845454738424085
      ],
      "translation": [
        -9.575160220265388e-9,
        0.5440642833709717,
        -9.41278699428949e-9
      ],
      "scale": [
        1,
        1,
        1.0000001192092896
      ],
      "name": "footR",
      "extras": {
        "transformData": {
          "inheritType": 1,
          "eulerOrder": "ZYX",
          "translation": [
            -9.575160220265388e-9,
            0.5440642833709717,
            -9.41278699428949e-9
          ],
          "rotation": [
            -84.94547810356114,
            1.717947216009884,
            -2.9876594257562736
          ],
          "scale": [
            1,
            1,
            1.0000001192092896
          ],
          "parentMatrixWorld": {
            "elements": [
              0.9900899079600015,
              -0.12289298724173311,
              0.06796446666265035,
              0,
              -0.022320898771264832,
              0.3400962507686049,
              0.9401256958769807,
              0,
              -0.13864932337017288,
              -0.932326047290623,
              0.33398280358174826,
              0,
              5.736183084081858e-9,
              0.4392038583755493,
              1.2478267308324575e-9,
              1
            ]
          }
        }
      },
      "children": [
        0
      ]
    },
    {
      "rotation": [
        0.5735875941440002,
        -0.06329194303561551,
        -0.030808220652859375,
        0.8161141220121654
      ],
      "translation": [
        5.736183084081858e-9,
        0.4392038583755493,
        1.2478267308324575e-9
      ],
      "scale": [
        0.9999999403953553,
        0.9999999999999999,
        1
      ],
      "name": "shinR",
      "extras": {
        "transformData": {
          "inheritType": 1,
          "eulerOrder": "ZYX",
          "translation": [
            5.736183084081858e-9,
            0.4392038583755493,
            1.2478267308324575e-9
          ],
          "rotation": [
            4.06487524018543,
            -0.22510361169316806,
            1.9537410342494743
          ],
          "scale": [
            0.9999999403953552,
            1,
            1
          ],
          "parentMatrixWorld": {
            "elements": [
              0.9514669711040377,
              -0.1698722647725085,
              0.2566203713700338,
              0,
              -0.299562913272212,
              -0.3201500291547058,
              0.8987579531001602,
              0,
              -0.07051695936398655,
              -0.9320115651415335,
              -0.3554992698157515,
              0,
              -0.10251500457525253,
              -0.0035064450930804014,
              0.04510337859392166,
              1
            ]
          }
        }
      },
      "children": [
        1
      ]
    },
    {
      "rotation": [
        0.8104191275780115,
        -0.14481247416475695,
        0.05740959653457499,
        0.5647603980152486
      ],
      "translation": [
        -0.10251500457525253,
        -0.0035064450930804014,
        0.04510337859392166
      ],
      "scale": [
        0.9999999999999999,
        0.999999940395355,
        0.9999989867210387
      ],
      "name": "thighR",
      "extras": {
        "transformData": {
          "inheritType": 1,
          "eulerOrder": "ZYX",
          "translation": [
            -0.10251500457525253,
            -0.0035064450930804014,
            0.04510337859392166
          ],
          "rotation": [
            166.20595986687368,
            -0.2831534961708122,
            -1.143553599856082
          ],
          "scale": [
            1,
            0.9999999403953552,
            0.9999989867210388
          ],
          "parentMatrixWorld": {
            "elements": [
              1,
              0,
              0,
              0,
              0,
              -0.24963984380114887,
              0.9683386921788811,
              0,
              0,
              -0.9683386344613939,
              -0.24963982892145375,
              0,
              0,
              0.0551999993622303,
              1.0098999738693237,
              1
            ]
          }
        }
      },
      "children": [
        2
      ]
    },
    {
      "rotation": [
        -0.06428791564366294,
        0.0671236496573029,
        0.027303496160653026,
        0.9952969399411827
      ],
      "translation": [
        -4.607654505861787e-24,
        0.06750944256782532,
        1.5832483768463135e-8
      ],
      "scale": [
        0.9999999403953552,
        0.9999999999999999,
        1
      ],
      "name": "spine005",
      "extras": {
        "transformData": {
          "inheritType": 1,
          "eulerOrder": "ZYX",
          "translation": [
            -4.607654505861787e-24,
            0.06750944256782532,
            1.5832483768463135e-8
          ],
          "rotation": [
            -7.209120381202242,
            7.881602877635126,
            2.645466734895223
          ],
          "scale": [
            0.9999999403953552,
            1,
            1
          ],
          "parentMatrixWorld": {
            "elements": [
              0.9987530127575135,
              -0.004476510390220229,
              -0.04972303628746633,
              0,
              0.018877736123248508,
              0.955887105967931,
              0.2931268524614852,
              0,
              0.04621742106633442,
              -0.29369996787414837,
              0.9547795764155185,
              0,
              0,
              0.19257846474647522,
              -9.313225746154785e-10,
              1
            ]
          }
        }
      }
    },
    {
      "rotation": [
        0.14839656294886072,
        0.02426138882878295,
        -0.005905813520750816,
        0.988612642297775
      ],
      "translation": [
        0,
        0.19257846474647522,
        -9.313225746154785e-10
      ],
      "scale": [
        1,
        0.9999999403953552,
        0.9999998807907106
      ],
      "name": "spine004",
      "extras": {
        "transformData": {
          "inheritType": 1,
          "eulerOrder": "ZYX",
          "translation": [
            0,
            0.19257846474647522,
            -9.313225746154785e-10
          ],
          "rotation": [
            7.382821483305775,
            -1.0343854556554322e-15,
            -1.2115248286913095e-15
          ],
          "scale": [
            1,
            0.9999999403953552,
            0.9999998807907104
          ],
          "parentMatrixWorld": {
            "elements": [
              0.9795614767037518,
              0.0011681879500082702,
              -0.20114161221869664,
              0,
              0.016724501911986888,
              0.9960475093431779,
              0.08723330823004992,
              0,
              0.20044850676624915,
              -0.08881438152617178,
              0.9756702317584864,
              0,
              0,
              0.17288750410079956,
              0,
              1
            ]
          }
        }
      },
      "children": [
        4
      ]
    },
    {
      "rotation": [
        0.14779770456470295,
        0.025238819959178774,
        -0.0313555908947495,
        0.9881981923744418
      ],
      "translation": [
        9.313225746154785e-10,
        0.05268584191799164,
        1.1408701539039612e-8
      ],
      "scale": [
        1,
        0.9999998211860658,
        0.9999999403953551
      ],
      "name": "f_index01R",
      "extras": {
        "transformData": {
          "inheritType": 1,
          "eulerOrder": "ZYX",
          "translation": [
            9.313225746154785e-10,
            0.05268584191799164,
            1.1408701539039612e-8
          ],
          "rotation": [
            16.91985047988772,
            3.3910523191279305,
            -3.1302622496819152
          ],
          "scale": [
            1,
            0.9999998211860657,
            0.9999999403953552
          ],
          "parentMatrixWorld": {
            "elements": [
              0.19331008203385705,
              -0.38981658272016445,
              0.9003747537959175,
              0,
              -0.9779813271363217,
              -0.1501121230343176,
              0.1449812261008207,
              0,
              0.07864106588874384,
              -0.9085757155786126,
              -0.41025137101957976,
              0,
              -0.0008789978455752134,
              0.10688170790672302,
              0.03865624591708183,
              1
            ]
          }
        }
      }
    },
    {
      "rotation": [
        0.662131667137146,
        -0.5164371132850647,
        0.369645357131958,
        0.39778971672058105
      ],
      "translation": [
        -0.0008789978455752134,
        0.10688170790672302,
        0.03865624591708183
      ],
      "scale": [
        1.000000238418579,
        1.0000003576278687,
        1.000000238418579
      ],
      "name": "palm01R",
      "extras": {
        "transformData": {
          "inheritType": 1,
          "eulerOrder": "ZYX",
          "translation": [
            -0.0008789978455752134,
            0.10688170790672302,
            0.03865624591708183
          ],
          "rotation": [
            28.564629750558705,
            -97.7611123074178,
            -0.2373867731005104
          ],
          "scale": [
            1.000000238418579,
            1.0000003576278687,
            1.000000238418579
          ],
          "parentMatrixWorld": {
            "elements": [
              0.988261524564175,
              -0.1370788596649668,
              -0.06744467731515999,
              0,
              0.11797367456062462,
              0.9652510996258244,
              -0.23317892246725816,
              0,
              0.09706494296182647,
              0.22248504809568076,
              0.970092161709533,
              0,
              -5.075708031654358e-8,
              0.2948153018951416,
              0,
              1
            ]
          }
        }
      },
      "children": [
        6
      ]
    },
    {
      "rotation": [
        0.21487385147310692,
        0.005365834880399513,
        -0.03377535935618877,
        0.9760428581110102
      ],
      "translation": [
        1.5832483768463135e-8,
        0.0540991947054863,
        3.259629011154175e-9
      ],
      "scale": [
        0.9999999403953552,
        0.9999999999999999,
        0.9999999999999999
      ],
      "name": "f_middle01R",
      "extras": {
        "transformData": {
          "inheritType": 1,
          "eulerOrder": "ZYX",
          "translation": [
            1.5832483768463135e-8,
            0.0540991947054863,
            3.259629011154175e-9
          ],
          "rotation": [
            24.78539216768956,
            1.4319392343745356,
            -3.6491318706905087
          ],
          "scale": [
            0.9999999403953552,
            1,
            1
          ],
          "parentMatrixWorld": {
            "elements": [
              0.1892057379922942,
              -0.3446314806494665,
              0.9194728706841991,
              0,
              -0.9779810281074806,
              -0.150111866222554,
              0.14498129861025788,
              0,
              0.08805865114070954,
              -0.926658303168022,
              -0.36544508672097464,
              0,
              -0.00809018686413765,
              0.10410479456186295,
              0.017338767647743225,
              1
            ]
          }
        }
      }
    },
    {
      "rotation": [
        0.6528328061103821,
        -0.5064897537231445,
        0.3858306109905243,
        0.4103805720806122
      ],
      "translation": [
        -0.00809018686413765,
        0.10410479456186295,
        0.017338767647743225
      ],
      "scale": [
        0.9999999999999999,
        1,
        1
      ],
      "name": "palm02R",
      "extras": {
        "transformData": {
          "inheritType": 1,
          "eulerOrder": "ZYX",
          "translation": [
            -0.00809018686413765,
            0.10410479456186295,
            0.017338767647743225
          ],
          "rotation": [
            35.14802711038597,
            -95.06797554787094,
            -7.3110711998484375
          ],
          "parentMatrixWorld": {
            "elements": [
              0.988261524564175,
              -0.1370788596649668,
              -0.06744467731515999,
              0,
              0.11797367456062462,
              0.9652510996258244,
              -0.23317892246725816,
              0,
              0.09706494296182647,
              0.22248504809568076,
              0.970092161709533,
              0,
              -5.075708031654358e-8,
              0.2948153018951416,
              0,
              1
            ]
          }
        }
      },
      "children": [
        8
      ]
    },
    {
      "rotation": [
        0.09542049615257034,
        0.14980775676651958,
        -0.1533979478998812,
        0.9720707970650524
      ],
      "translation": [
        -6.146728992462158e-8,
        0.04109117388725281,
        1.862645149230957e-8
      ],
      "scale": [
        1.0000001192092896,
        1,
        1
      ],
      "name": "thumb02R",
      "extras": {
        "transformData": {
          "inheritType": 1,
          "eulerOrder": "ZYX",
          "translation": [
            -6.146728992462158e-8,
            0.04109117388725281,
            1.862645149230957e-8
          ],
          "rotation": [
            8.471831967214486,
            18.694502673438993,
            -16.53828879209413
          ],
          "scale": [
            1.0000001192092896,
            1,
            1
          ],
          "parentMatrixWorld": {
            "elements": [
              -0.6266321087981126,
              -0.45684871154779927,
              -0.6313646863645239,
              0,
              -0.763136440803052,
              0.5239406815206531,
              0.37829832741925845,
              0,
              0.15797249016124776,
              0.7188711364823518,
              -0.6769557809747795,
              0,
              0.006331437733024359,
              0.03350985795259476,
              0.04574773833155632,
              1
            ]
          }
        }
      }
    },
    {
      "rotation": [
        -0.36276131868362427,
        0.8407627940177917,
        0.32624220848083496,
        0.23470863699913025
      ],
      "translation": [
        0.006331437733024359,
        0.03350985795259476,
        0.04574773833155632
      ],
      "scale": [
        1,
        1.0000003576278687,
        1.0000001192092896
      ],
      "name": "thumb01R",
      "extras": {
        "transformData": {
          "inheritType": 1,
          "eulerOrder": "ZYX",
          "translation": [
            0.006331437733024359,
            0.03350985795259476,
            0.04574773833155632
          ],
          "rotation": [
            -30.559956818456627,
            160.67999531887486,
            -7.840911171881129
          ],
          "scale": [
            1,
            1.0000003576278687,
            1.0000001192092896
          ],
          "parentMatrixWorld": {
            "elements": [
              0.988261524564175,
              -0.1370788596649668,
              -0.06744467731515999,
              0,
              0.11797367456062462,
              0.9652510996258244,
              -0.23317892246725816,
              0,
              0.09706494296182647,
              0.22248504809568076,
              0.970092161709533,
              0,
              -5.075708031654358e-8,
              0.2948153018951416,
              0,
              1
            ]
          }
        }
      },
      "children": [
        10
      ]
    },
    {
      "rotation": [
        0.20378482163417497,
        -0.0271447760720609,
        -0.013816632550896699,
        0.9785417764553941
      ],
      "translation": [
        0,
        0.05624843016266823,
        -3.67872416973114e-8
      ],
      "scale": [
        0.9999998807907106,
        0.9999997019767762,
        0.9999998211860657
      ],
      "name": "f_pinky01R",
      "extras": {
        "transformData": {
          "inheritType": 1,
          "eulerOrder": "ZYX",
          "translation": [
            0,
            0.05624843016266823,
            -3.67872416973114e-8
          ],
          "rotation": [
            23.579768156533934,
            -2.7221928111629152,
            -2.1861774943468855
          ],
          "scale": [
            0.9999998807907104,
            0.9999997019767761,
            0.9999998211860657
          ],
          "parentMatrixWorld": {
            "elements": [
              0.14206672276530732,
              0.030017345968252257,
              0.9894020832931326,
              0,
              -0.9779809955364199,
              -0.15011375465431748,
              0.14498106896462745,
              0,
              0.15287475357741412,
              -0.9882130661442978,
              0.008030221640380452,
              0,
              -0.008976314216852188,
              0.10388672351837158,
              -0.026199545711278915,
              1
            ]
          }
        }
      }
    },
    {
      "rotation": [
        0.5666017532348633,
        -0.41826707124710083,
        0.5040032863616943,
        0.49999579787254333
      ],
      "translation": [
        -0.008976314216852188,
        0.10388672351837158,
        -0.026199545711278915
      ],
      "scale": [
        1.000000238418579,
        1.000000238418579,
        1.0000001192092896
      ],
      "name": "palm04R",
      "extras": {
        "transformData": {
          "inheritType": 1,
          "eulerOrder": "ZYX",
          "translation": [
            -0.008976314216852188,
            0.10388672351837158,
            -0.026199545711278915
          ],
          "rotation": [
            -7.995048050880807,
            -71.90375780798789,
            34.8782278079813
          ],
          "scale": [
            1.000000238418579,
            1.000000238418579,
            1.0000001192092896
          ],
          "parentMatrixWorld": {
            "elements": [
              0.988261524564175,
              -0.1370788596649668,
              -0.06744467731515999,
              0,
              0.11797367456062462,
              0.9652510996258244,
              -0.23317892246725816,
              0,
              0.09706494296182647,
              0.22248504809568076,
              0.970092161709533,
              0,
              -5.075708031654358e-8,
              0.2948153018951416,
              0,
              1
            ]
          }
        }
      },
      "children": [
        12
      ]
    },
    {
      "rotation": [
        0.27688582524073807,
        -0.030488870716553824,
        0.048076728726935816,
        0.9592149376954581
      ],
      "translation": [
        3.725290298461914e-9,
        0.06041518971323967,
        -5.797483026981354e-8
      ],
      "scale": [
        0.9999999403953551,
        0.9999999403953552,
        0.9999999403953553
      ],
      "name": "f_ring01R",
      "extras": {
        "transformData": {
          "inheritType": 1,
          "eulerOrder": "ZYX",
          "translation": [
            3.725290298461914e-9,
            0.06041518971323967,
            -5.797483026981354e-8
          ],
          "rotation": [
            32.017505526959006,
            -4.882597013563581,
            4.336983573416391
          ],
          "scale": [
            0.9999999403953552,
            0.9999999403953552,
            0.9999999403953552
          ],
          "parentMatrixWorld": {
            "elements": [
              0.12057855068444613,
              0.088603253811301,
              0.9887420274953092,
              0,
              -0.5314573106214198,
              0.8470124757933455,
              -0.011090555305138139,
              0,
              -0.8384592957348129,
              -0.5241367575236495,
              0.14922034364950854,
              0,
              -0.00420053256675601,
              0.10749522596597672,
              -0.008870811201632023,
              1
            ]
          }
        }
      }
    },
    {
      "rotation": [
        0.17631343007087708,
        -0.6279358267784119,
        0.2130899727344513,
        0.7274633049964905
      ],
      "translation": [
        -0.00420053256675601,
        0.10749522596597672,
        -0.008870811201632023
      ],
      "scale": [
        1.000000238418579,
        1,
        1
      ],
      "name": "palm03R",
      "extras": {
        "transformData": {
          "inheritType": 1,
          "eulerOrder": "ZYX",
          "translation": [
            -0.00420053256675601,
            0.10749522596597672,
            -0.008870811201632023
          ],
          "rotation": [
            -4.2506414445709675,
            -81.394442263504,
            36.30911487305853
          ],
          "scale": [
            1.000000238418579,
            1,
            1
          ],
          "parentMatrixWorld": {
            "elements": [
              0.988261524564175,
              -0.1370788596649668,
              -0.06744467731515999,
              0,
              0.11797367456062462,
              0.9652510996258244,
              -0.23317892246725816,
              0,
              0.09706494296182647,
              0.22248504809568076,
              0.970092161709533,
              0,
              -5.075708031654358e-8,
              0.2948153018951416,
              0,
              1
            ]
          }
        }
      },
      "children": [
        14
      ]
    },
    {
      "rotation": [
        -0.11501965906468481,
        0.04152586150674238,
        -0.0643808935089082,
        0.9904045711986288
      ],
      "translation": [
        -5.075708031654358e-8,
        0.2948153018951416,
        0
      ],
      "scale": [
        1.0000001192092896,
        0.9999999403953554,
        1
      ],
      "name": "handR",
      "extras": {
        "transformData": {
          "inheritType": 1,
          "eulerOrder": "ZYX",
          "translation": [
            -5.075708031654358e-8,
            0.2948153018951416,
            0
          ],
          "rotation": [
            1.7352808487412015,
            0.16080318365024987,
            5.665622279731713
          ],
          "scale": [
            1.0000001192092896,
            0.9999999403953552,
            1
          ],
          "parentMatrixWorld": {
            "elements": [
              0.9854168688095455,
              -0.14659228906544508,
              0.0863961525375748,
              0,
              -0.13552735162504642,
              -0.3691567693220508,
              0.9194321460749115,
              0,
              -0.10288794467112108,
              -0.9177330428968982,
              -0.38364059529668787,
              0,
              -2.561137080192566e-8,
              0.3048078417778015,
              1.1175870895385742e-8,
              1
            ]
          }
        }
      },
      "children": [
        7,
        9,
        11,
        13,
        15
      ]
    },
    {
      "rotation": [
        0.8273775219680167,
        -0.08524513939461886,
        -0.004983152096735293,
        0.5551169795513424
      ],
      "translation": [
        -2.561137080192566e-8,
        0.3048078417778015,
        1.1175870895385742e-8
      ],
      "scale": [
        0.9999999999999999,
        0.9999999403953551,
        0.9999999999999999
      ],
      "name": "forearmR",
      "extras": {
        "transformData": {
          "inheritType": 1,
          "eulerOrder": "ZYX",
          "translation": [
            -2.561137080192566e-8,
            0.3048078417778015,
            1.1175870895385742e-8
          ],
          "rotation": [
            6.265168601112616,
            -18.094260526536395,
            12.11485594123971
          ],
          "scale": [
            1,
            0.9999999403953552,
            1
          ],
          "parentMatrixWorld": {
            "elements": [
              -0.2780720681493376,
              0.9600155976453586,
              0.03234595494908282,
              0,
              -0.7910582331585292,
              -0.20977116362860215,
              -0.5746503053485734,
              0,
              -0.5448879012231416,
              -0.1853816862573,
              0.8177595567985899,
              0,
              -0.011010595597326756,
              0.20625421404838562,
              -0.0022367872297763824,
              1
            ]
          }
        }
      },
      "children": [
        16
      ]
    },
    {
      "rotation": [
        -0.16877464493161715,
        -0.2502704865895623,
        0.7592105775359743,
        0.5766100236788888
      ],
      "translation": [
        -0.011010595597326756,
        0.20625421404838562,
        -0.0022367872297763824
      ],
      "scale": [
        1.0000001192092896,
        1,
        0.9999999403953553
      ],
      "name": "upper_armR",
      "extras": {
        "transformData": {
          "inheritType": 1,
          "eulerOrder": "ZYX",
          "translation": [
            -0.011010595597326756,
            0.20625421404838562,
            -0.0022367872297763824
          ],
          "rotation": [
            -91.68064568184067,
            -19.738239248434272,
            111.86064449031845
          ],
          "scale": [
            1.0000001192092896,
            1,
            0.9999999403953552
          ],
          "parentMatrixWorld": {
            "elements": [
              0.1897548099051991,
              -0.07225119396575458,
              -0.9791695088714265,
              0,
              -0.9503451527420209,
              0.23701925068806237,
              -0.2016581576842391,
              0,
              0.24665207386188132,
              0.9688145204224298,
              -0.02368804465612463,
              0,
              -0.018300000578165054,
              0.1372210830450058,
              0.0782509371638298,
              1
            ]
          }
        }
      },
      "children": [
        17
      ]
    },
    {
      "rotation": [
        -0.4940707452595172,
        0.5174341713809848,
        0.3706541154967446,
        0.5922596850162174
      ],
      "translation": [
        -0.018300000578165054,
        0.1372210830450058,
        0.0782509371638298
      ],
      "scale": [
        1,
        0.9999999999999999,
        0.9999999403953551
      ],
      "name": "shoulderR",
      "extras": {
        "transformData": {
          "inheritType": 1,
          "eulerOrder": "ZYX",
          "translation": [
            -0.018300000578165054,
            0.1372210830450058,
            0.0782509371638298
          ],
          "rotation": [
            -86.80068725573084,
            59.489547482031206,
            2.7873895281116257
          ],
          "scale": [
            1,
            1,
            0.9999999403953552
          ],
          "parentMatrixWorld": {
            "elements": [
              0.9795614767037518,
              0.0011681879500082702,
              -0.20114161221869664,
              0,
              0.016724501911986888,
              0.9960475093431779,
              0.08723330823004992,
              0,
              0.20044850676624915,
              -0.08881438152617178,
              0.9756702317584864,
              0,
              0,
              0.17288750410079956,
              0,
              1
            ]
          }
        }
      },
      "children": [
        18
      ]
    },
    {
      "rotation": [
        0.14779767517074582,
        -0.025238816385553347,
        0.031355595119928206,
        0.9881981967278902
      ],
      "translation": [
        -2.9802322387695312e-8,
        0.052685968577861786,
        1.862645149230957e-8
      ],
      "scale": [
        1,
        0.9999998807907106,
        1
      ],
      "name": "f_index01L",
      "extras": {
        "transformData": {
          "inheritType": 1,
          "eulerOrder": "ZYX",
          "translation": [
            -2.9802322387695312e-8,
            0.052685968577861786,
            1.862645149230957e-8
          ],
          "rotation": [
            16.919847064793135,
            -3.3910518922411073,
            3.13026289001215
          ],
          "scale": [
            1,
            0.9999998807907104,
            1
          ],
          "parentMatrixWorld": {
            "elements": [
              0.22270280253107444,
              0.3844034297118242,
              -0.8959003597559487,
              0,
              0.9566410029277238,
              -0.2631320974169424,
              0.12489976312501916,
              0,
              -0.18772822826603644,
              -0.8848704455432982,
              -0.426336283143478,
              0,
              0.000878993421792984,
              0.10688158869743347,
              0.03865623474121094,
              1
            ]
          }
        }
      }
    },
    {
      "rotation": [
        0.6914063692092896,
        0.484897255897522,
        -0.39182043075561523,
        0.3651145398616791
      ],
      "translation": [
        0.000878993421792984,
        0.10688158869743347,
        0.03865623474121094
      ],
      "scale": [
        1,
        1.000000238418579,
        1.0000001192092896
      ],
      "name": "palm01L",
      "extras": {
        "transformData": {
          "inheritType": 1,
          "eulerOrder": "ZYX",
          "translation": [
            0.000878993421792984,
            0.10688158869743347,
            0.03865623474121094
          ],
          "rotation": [
            28.564638288295168,
            97.7611123074178,
            0.23739240267049036
          ],
          "scale": [
            1,
            1.000000238418579,
            1.0000001192092896
          ],
          "parentMatrixWorld": {
            "elements": [
              0.9853572209110114,
              0.029684861829187836,
              0.16789865306362353,
              0,
              0.02589418757090553,
              0.9472514964898566,
              -0.319443047378887,
              0,
              -0.16852487306429934,
              0.3191131126371047,
              0.9326124367046271,
              0,
              7.078051567077637e-8,
              0.29481539130210876,
              4.470348358154297e-8,
              1
            ]
          }
        }
      },
      "children": [
        20
      ]
    },
    {
      "rotation": [
        0.21487382245063708,
        -0.0053658411245975654,
        0.033775352721760576,
        0.9760428646955002
      ],
      "translation": [
        -1.4901161193847656e-8,
        0.05409933999180794,
        -4.0978193283081055e-8
      ],
      "scale": [
        0.9999999999999999,
        1,
        1
      ],
      "name": "f_middle01L",
      "extras": {
        "transformData": {
          "inheritType": 1,
          "eulerOrder": "ZYX",
          "translation": [
            -1.4901161193847656e-8,
            0.05409933999180794,
            -4.0978193283081055e-8
          ],
          "rotation": [
            24.78538875259498,
            -1.4319396612613586,
            3.6491310169168623
          ],
          "parentMatrixWorld": {
            "elements": [
              0.21313962559945132,
              0.34040687094782207,
              -0.915802717440922,
              0,
              0.956707690664593,
              -0.2628640566523315,
              0.12495218540787117,
              0,
              -0.19819704313105643,
              -0.9027876795138744,
              -0.38169655343151726,
              0,
              0.008090272545814514,
              0.10410468280315399,
              0.01733878254890442,
              1
            ]
          }
        }
      }
    },
    {
      "rotation": [
        0.6814873814582825,
        0.4758394956588745,
        -0.40866485238075256,
        0.37702086567878723
      ],
      "translation": [
        0.008090272545814514,
        0.10410468280315399,
        0.01733878254890442
      ],
      "scale": [
        1,
        1.0000001192092896,
        0.9999999999999999
      ],
      "name": "palm02L",
      "extras": {
        "transformData": {
          "inheritType": 1,
          "eulerOrder": "ZYX",
          "translation": [
            0.008090272545814514,
            0.10410468280315399,
            0.01733878254890442
          ],
          "rotation": [
            35.14804418585889,
            95.06797554787094,
            7.311084860226777
          ],
          "scale": [
            1,
            1.0000001192092896,
            1
          ],
          "parentMatrixWorld": {
            "elements": [
              0.9853572209110114,
              0.029684861829187836,
              0.16789865306362353,
              0,
              0.02589418757090553,
              0.9472514964898566,
              -0.319443047378887,
              0,
              -0.16852487306429934,
              0.3191131126371047,
              0.9326124367046271,
              0,
              7.078051567077637e-8,
              0.29481539130210876,
              4.470348358154297e-8,
              1
            ]
          }
        }
      },
      "children": [
        22
      ]
    },
    {
      "rotation": [
        0.09542049615257034,
        -0.14980775676651958,
        0.1533979478998812,
        0.9720707970650524
      ],
      "translation": [
        -2.421438694000244e-8,
        0.041091155260801315,
        2.2351741790771484e-8
      ],
      "name": "thumb02L",
      "extras": {
        "transformData": {
          "inheritType": 1,
          "eulerOrder": "ZYX",
          "translation": [
            -2.421438694000244e-8,
            0.041091155260801315,
            2.2351741790771484e-8
          ],
          "rotation": [
            8.471831967214486,
            -18.694502673438993,
            16.53828879209413
          ],
          "parentMatrixWorld": {
            "elements": [
              -0.6724614887265615,
              0.19639722435607607,
              0.7135990351000742,
              0,
              0.7051510227922251,
              0.46291386329780726,
              0.537097046181657,
              0,
              -0.2248504766304973,
              0.8643721048847353,
              -0.4497813744267658,
              0,
              -0.006331413984298706,
              0.033509761095047,
              0.045747749507427216,
              1
            ]
          }
        }
      }
    },
    {
      "rotation": [
        -0.2803596258163452,
        -0.803921103477478,
        -0.43582290410995483,
        0.29183506965637207
      ],
      "translation": [
        -0.006331413984298706,
        0.033509761095047,
        0.045747749507427216
      ],
      "scale": [
        0.9999999999999999,
        1.000000238418579,
        1.0000001192092896
      ],
      "name": "thumb01L",
      "extras": {
        "transformData": {
          "inheritType": 1,
          "eulerOrder": "ZYX",
          "translation": [
            -0.006331413984298706,
            0.033509761095047,
            0.045747749507427216
          ],
          "rotation": [
            -30.559970478834966,
            -160.67998165849653,
            7.84091544074936
          ],
          "scale": [
            1,
            1.000000238418579,
            1.0000001192092896
          ],
          "parentMatrixWorld": {
            "elements": [
              0.9853572209110114,
              0.029684861829187836,
              0.16789865306362353,
              0,
              0.02589418757090553,
              0.9472514964898566,
              -0.319443047378887,
              0,
              -0.16852487306429934,
              0.3191131126371047,
              0.9326124367046271,
              0,
              7.078051567077637e-8,
              0.29481539130210876,
              4.470348358154297e-8,
              1
            ]
          }
        }
      },
      "children": [
        24
      ]
    },
    {
      "rotation": [
        0.27688576756499633,
        0.030488864915112095,
        -0.04807671670313789,
        0.9592149551311099
      ],
      "translation": [
        0,
        0.06041523441672325,
        -3.725290298461914e-9
      ],
      "scale": [
        0.9999997615814208,
        0.9999998807907104,
        0.9999997615814208
      ],
      "name": "f_ring01L",
      "extras": {
        "transformData": {
          "inheritType": 1,
          "eulerOrder": "ZYX",
          "translation": [
            0,
            0.06041523441672325,
            -3.725290298461914e-9
          ],
          "rotation": [
            32.017498696769835,
            4.882595732903112,
            -4.336982719642744
          ],
          "scale": [
            0.9999997615814209,
            0.9999998807907104,
            0.9999997615814209
          ],
          "parentMatrixWorld": {
            "elements": [
              0.1205785363103662,
              -0.08860324324897258,
              -0.9887419096281026,
              0,
              0.5314573106214198,
              0.8470124757933455,
              -0.011090555305138139,
              0,
              0.8384592957348129,
              -0.5241367575236495,
              0.14922034364950854,
              0,
              0.0042005665600299835,
              0.10749512910842896,
              -0.008870802819728851,
              1
            ]
          }
        }
      }
    },
    {
      "rotation": [
        0.17631343007087708,
        0.6279358267784119,
        -0.2130899727344513,
        0.7274633049964905
      ],
      "translation": [
        0.0042005665600299835,
