{
  "asset": {
    "version": "2.0",
    "generator": "GLTFExporter"
  },
  "scenes": [
    {
      "name": "AuxScene",
      "nodes": [
        44
      ]
    }
  ],
  "scene": 0,
  "nodes": [
    {
      "rotation": [
        -0.02145037520003014,
        0.9996285750908793,
        0.00714374030165418,
        0.01521710353709861
      ],
      "translation": [
        1.4690158423036337e-8,
        0.18002331256866455,
        -1.8970638393511763e-9
      ],
      "scale": [
        1.0000001192092896,
        0.9999995827674866,
        1
      ],
      "name": "toeR",
      "extras": {
        "transformData": {
          "inheritType": 1,
          "eulerOrder": "ZYX",
          "translation": [
            1.4690158423036337e-8,
            0.18002331256866455,
            -1.8970638393511763e-9
          ],
          "rotation": [
            -0.781297335029825,
            178.23905929752198,
            2.4465605272070503
          ],
          "scale": [
            1.0000001192092896,
            0.9999995827674866,
            1
          ],
          "parentMatrixWorld": {
            "elements": [
              0.9981919133299332,
              -0.05209743918837371,
              -0.029979342766991983,
              0,
              -0.02523013291596344,
              0.08954038980727819,
              -0.9956635772118028,
              0,
              0.05455589120696124,
              0.994619832540629,
              0.0880640782047861,
              0,
              -9.575160220265388e-9,
              0.5440642833709717,
              -9.41278699428949e-9,
              1
            ]
          }
        }
      }
    },
    {
      "rotation": [
        -0.6746457321839225,
        0.028654880782398556,
        -0.009107202774722706,
        0.7375290453337995
      ],
      "translation": [
        -9.575160220265388e-9,
        0.5440642833709717,
        -9.41278699428949e-9
      ],
      "scale": [
        1,
        1,
        1.0000001192092896
      ],
      "name": "footR",
      "extras": {
        "transformData": {
          "inheritType": 1,
          "eulerOrder": "ZYX",
          "translation": [
            -9.575160220265388e-9,
            0.5440642833709717,
            -9.41278699428949e-9
          ],
          "rotation": [
            -84.94547810356114,
            1.717947216009884,
            -2.9876594257562736
          ],
          "scale": [
            1,
            1,
            1.0000001192092896
          ],
          "parentMatrixWorld": {
            "elements": [
              0.9994109053364431,
              0.03409234083411322,
              0.003928788840871236,
              0,
              -0.034285177604935616,
              0.9968950723307387,
              0.07088541005939787,
              0,
              -0.0014999407651850973,
              -0.07097835529642904,
              0.9974767281782141,
              0,
              5.736183084081858e-9,
              0.4392038583755493,
              1.2478267308324575e-9,
              1
            ]
          }
        }
      },
      "children": [
        0
      ]
    },
    {
      "rotation": [
        0.0354935360207515,
        -0.0013582384314123398,
        0.01710768059598356,
        0.9992225434575289
      ],
      "translation": [
        5.736183084081858e-9,
        0.4392038583755493,
        1.2478267308324575e-9
      ],
      "scale": [
        0.9999999403953553,
        0.9999999999999999,
        1
      ],
      "name": "shinR",
      "extras": {
        "transformData": {
          "inheritType": 1,
          "eulerOrder": "ZYX",
          "translation": [
            5.736183084081858e-9,
            0.4392038583755493,
            1.2478267308324575e-9
          ],
          "rotation": [
            4.06487524018543,
            -0.22510361169316806,
            1.9537410342494743
          ],
          "scale": [
            0.9999999403953552,
            1,
            1
          ],
          "parentMatrixWorld": {
            "elements": [
              0.9997886212209912,
              -0.019957206701825388,
              0.0049419406805063125,
              0,
              -0.020559942377026075,
              -0.9709420871135469,
              0.238429513759847,
              0,
              0.00003995107070080598,
              -0.23848049340301875,
              -0.9711462434223126,
              0,
              -0.10251500457525253,
              -0.0035064450930804014,
              0.04510337859392166,
              1
            ]
          }
        }
      },
      "children": [
        1
      ]
    },
    {
      "rotation": [
        0.9927081637712776,
        -0.010203691221394764,
        0.001254621442006339,
        0.12010333963863873
      ],
      "translation": [
        -0.10251500457525253,
        -0.0035064450930804014,
        0.04510337859392166
      ],
      "scale": [
        0.9999999999999999,
        0.999999940395355,
        0.9999989867210387
      ],
      "name": "thighR",
      "extras": {
        "transformData": {
          "inheritType": 1,
          "eulerOrder": "ZYX",
          "translation": [
            -0.10251500457525253,
            -0.0035064450930804014,
            0.04510337859392166
          ],
          "rotation": [
            166.20595986687368,
            -0.2831534961708122,
            -1.143553599856082
          ],
          "scale": [
            1,
            0.9999999403953552,
            0.9999989867210388
          ],
          "parentMatrixWorld": {
            "elements": [
              1,
              0,
              0,
              0,
              0,
              -0.24963970178284445,
              0.9683387320997165,
              0,
              0,
              -0.968338674382227,
              -0.2496396869031578,
              0,
              0,
              0.0551999993622303,
              1.0098999738693237,
              1
            ]
          }
        }
      },
      "children": [
        2
      ]
    },
    {
      "rotation": [
        -0.06428791564366294,
        0.0671236496573029,
        0.027303496160653026,
        0.9952969399411827
      ],
      "translation": [
        -4.607654505861787e-24,
        0.06750944256782532,
        1.5832483768463135e-8
      ],
      "scale": [
        0.9999999403953552,
        0.9999999999999999,
        1
      ],
      "name": "spine005",
      "extras": {
        "transformData": {
          "inheritType": 1,
          "eulerOrder": "ZYX",
          "translation": [
            -4.607654505861787e-24,
            0.06750944256782532,
            1.5832483768463135e-8
          ],
          "rotation": [
            -7.209120381202242,
            7.881602877635126,
            2.645466734895223
          ],
          "scale": [
            0.9999999403953552,
            1,
            1
          ],
          "parentMatrixWorld": {
            "elements": [
              1,
              -2.114509723032361e-17,
              1.8053431935929093e-17,
              0,
              1.8649962923747124e-17,
              0.9917096744115853,
              0.1284982586231482,
              0,
              -2.0620870050605914e-17,
              -0.1284982509640547,
              0.991709615301079,
              0,
              0,
              0.19257846474647522,
              -9.313225746154785e-10,
              1
            ]
          }
        }
      }
    },
    {
      "rotation": [
        0.06438270916134362,
        -9.688677392788732e-18,
        -9.969449120424382e-18,
        0.9979252811513725
      ],
      "translation": [
        0,
        0.19257846474647522,
        -9.313225746154785e-10
      ],
      "scale": [
        1,
        0.9999999403953552,
        0.9999998807907106
      ],
      "name": "spine004",
      "extras": {
        "transformData": {
          "inheritType": 1,
          "eulerOrder": "ZYX",
          "translation": [
            0,
            0.19257846474647522,
            -9.313225746154785e-10
          ],
          "rotation": [
            7.382821483305775,
            -1.0343854556554322e-15,
            -1.2115248286913095e-15
          ],
          "scale": [
            1,
            0.9999999403953552,
            0.9999998807907104
          ],
          "parentMatrixWorld": {
            "elements": [
              1,
              0,
              0,
              0,
              0,
              0.9999947047727554,
              0.0032542935408035214,
              0,
              0,
              -0.0032542935408035214,
              0.9999947047727554,
              0,
              0,
              0.17288750410079956,
              0,
              1
            ]
          }
        }
      },
      "children": [
        4
      ]
    },
    {
      "rotation": [
        0.14779770456470295,
        0.025238819959178774,
        -0.0313555908947495,
        0.9881981923744418
      ],
      "translation": [
        9.313225746154785e-10,
        0.05268584191799164,
        1.1408701539039612e-8
      ],
      "scale": [
        1,
        0.9999998211860658,
        0.9999999403953551
      ],
      "name": "f_index01R",
      "extras": {
        "transformData": {
          "inheritType": 1,
          "eulerOrder": "ZYX",
          "translation": [
            9.313225746154785e-10,
            0.05268584191799164,
            1.1408701539039612e-8
          ],
          "rotation": [
            16.91985047988772,
            3.3910523191279305,
            -3.1302622496819152
          ],
          "scale": [
            1,
            0.9999998211860657,
            0.9999999403953552
          ],
          "parentMatrixWorld": {
            "elements": [
              -0.13504197568914206,
              0.0005595065211830084,
              0.9908399611398608,
              0,
              -0.4701270268581535,
              0.8802340024752051,
              -0.06457085069796493,
              0,
              -0.8722068406930867,
              -0.47454025056429455,
              -0.11860545720908458,
              0,
              -0.0008789978455752134,
              0.10688170790672302,
              0.03865624591708183,
              1
            ]
          }
        }
      }
    },
    {
      "rotation": [
        0.16072476299531865,
        -0.7303904880444241,
        0.18452833582012526,
        0.6376884653290992
      ],
      "translation": [
        -0.0008789978455752134,
        0.10688170790672302,
        0.03865624591708183
      ],
      "scale": [
        1.000000238418579,
        1.0000003576278687,
        1.000000238418579
      ],
      "name": "palm01R",
      "extras": {
        "transformData": {
          "inheritType": 1,
          "eulerOrder": "ZYX",
          "translation": [
            -0.0008789978455752134,
            0.10688170790672302,
            0.03865624591708183
          ],
          "rotation": [
            28.564629750558705,
            -97.7611123074178,
            -0.2373867731005104
          ],
          "scale": [
            1.000000238418579,
            1.0000003576278687,
            1.000000238418579
          ],
          "parentMatrixWorld": {
            "elements": [
              0.9951111826531943,
              0.09872231713805456,
              -0.0028065416525701278,
              0,
              -0.09859284260187014,
              0.99466695736509,
              0.0302816133069479,
              0,
              0.005781044934043674,
              -0.029856865331508543,
              0.9995374665874445,
              0,
              -5.075708031654358e-8,
              0.2948153018951416,
              0,
              1
            ]
          }
        }
      },
      "children": [
        6
      ]
    },
    {
      "rotation": [
        0.21487385147310692,
        0.005365834880399513,
        -0.03377535935618877,
        0.9760428581110102
      ],
      "translation": [
        1.5832483768463135e-8,
        0.0540991947054863,
        3.259629011154175e-9
      ],
      "scale": [
        0.9999999403953552,
        0.9999999999999999,
        0.9999999999999999
      ],
      "name": "f_middle01R",
      "extras": {
        "transformData": {
          "inheritType": 1,
          "eulerOrder": "ZYX",
          "translation": [
            1.5832483768463135e-8,
            0.0540991947054863,
            3.259629011154175e-9
          ],
          "rotation": [
            24.78539216768956,
            1.4319392343745356,
            -3.6491318706905087
          ],
          "scale": [
            0.9999999403953552,
            1,
            1
          ],
          "parentMatrixWorld": {
            "elements": [
              -0.08761936791269752,
              0.011241508753521005,
              0.9960905957027824,
              0,
              -0.46472478952108,
              0.8839935667550097,
              -0.05085512698188965,
              0,
              -0.8811093668615534,
              -0.46736388651317584,
              -0.07223074976858546,
              0,
              -0.00809018686413765,
              0.10410479456186295,
              0.017338767647743225,
              1
            ]
          }
        }
      }
    },
    {
      "rotation": [
        0.15860155666077042,
        -0.714815305592342,
        0.18124227665551867,
        0.656533214901144
      ],
      "translation": [
        -0.00809018686413765,
        0.10410479456186295,
        0.017338767647743225
      ],
      "scale": [
        0.9999999999999999,
        1,
        1
      ],
      "name": "palm02R",
      "extras": {
        "transformData": {
          "inheritType": 1,
          "eulerOrder": "ZYX",
          "translation": [
            -0.00809018686413765,
            0.10410479456186295,
            0.017338767647743225
          ],
          "rotation": [
            35.14802711038597,
            -95.06797554787094,
            -7.3110711998484375
          ],
          "parentMatrixWorld": {
            "elements": [
              0.9951111826531943,
              0.09872231713805456,
              -0.0028065416525701278,
              0,
              -0.09859284260187014,
              0.99466695736509,
              0.0302816133069479,
              0,
              0.005781044934043674,
              -0.029856865331508543,
              0.9995374665874445,
              0,
              -5.075708031654358e-8,
              0.2948153018951416,
              0,
              1
            ]
          }
        }
      },
      "children": [
        8
      ]
    },
    {
      "rotation": [
        0.09542049615257034,
        0.14980775676651958,
        -0.1533979478998812,
        0.9720707970650524
      ],
      "translation": [
        -6.146728992462158e-8,
        0.04109117388725281,
        1.862645149230957e-8
      ],
      "scale": [
        1.0000001192092896,
        1,
        1
      ],
      "name": "thumb02R",
      "extras": {
        "transformData": {
          "inheritType": 1,
          "eulerOrder": "ZYX",
          "translation": [
            -6.146728992462158e-8,
            0.04109117388725281,
            1.862645149230957e-8
          ],
          "rotation": [
            8.471831967214486,
            18.694502673438993,
            -16.53828879209413
          ],
          "scale": [
            1.0000001192092896,
            1,
            1
          ],
          "parentMatrixWorld": {
            "elements": [
              -0.9348626802538333,
              0.12874037436509733,
              -0.3308438983523098,
              0,
              -0.04916802687467403,
              0.8759954945595517,
              0.47980737166125614,
              0,
              0.35158826118478154,
              0.4648208363403873,
              -0.8126053920073864,
              0,
              0.006331437733024359,
              0.03350985795259476,
              0.04574773833155632,
              1
            ]
          }
        }
      }
    },
    {
      "rotation": [
        0.02090115788772782,
        0.9517698194246315,
        0.24812406364422052,
        0.17925345595562608
      ],
      "translation": [
        0.006331437733024359,
        0.03350985795259476,
        0.04574773833155632
      ],
      "scale": [
        1,
        1.0000003576278687,
        1.0000001192092896
      ],
      "name": "thumb01R",
      "extras": {
        "transformData": {
          "inheritType": 1,
          "eulerOrder": "ZYX",
          "translation": [
            0.006331437733024359,
            0.03350985795259476,
            0.04574773833155632
          ],
          "rotation": [
            -30.559956818456627,
            160.67999531887486,
            -7.840911171881129
          ],
          "scale": [
            1,
            1.0000003576278687,
            1.0000001192092896
          ],
          "parentMatrixWorld": {
            "elements": [
              0.9951111826531943,
              0.09872231713805456,
              -0.0028065416525701278,
              0,
              -0.09859284260187014,
              0.99466695736509,
              0.0302816133069479,
              0,
              0.005781044934043674,
              -0.029856865331508543,
              0.9995374665874445,
              0,
              -5.075708031654358e-8,
              0.2948153018951416,
              0,
              1
            ]
          }
        }
      },
      "children": [
        10
      ]
    },
    {
      "rotation": [
        0.20378482163417497,
        -0.0271447760720609,
        -0.013816632550896699,
        0.9785417764553941
      ],
      "translation": [
        0,
        0.05624843016266823,
        -3.67872416973114e-8
      ],
      "scale": [
        0.9999998807907106,
        0.9999997019767762,
        0.9999998211860657
      ],
      "name": "f_pinky01R",
      "extras": {
        "transformData": {
          "inheritType": 1,
          "eulerOrder": "ZYX",
          "translation": [
            0,
            0.05624843016266823,
            -3.67872416973114e-8
          ],
          "rotation": [
            23.579768156533934,
            -2.7221928111629152,
            -2.1861774943468855
          ],
          "scale": [
            0.9999998807907104,
            0.9999997019767761,
            0.9999998211860657
          ],
          "parentMatrixWorld": {
            "elements": [
              0.25481830123187316,
              0.17761979401820852,
              0.9505363322711272,
              0,
              -0.45781697970445917,
              0.8879964129819808,
              -0.04320255157554228,
              0,
              -0.851746177169536,
              -0.42416272024594387,
              0.3075949850846663,
              0,
              -0.008976314216852188,
              0.10388672351837158,
              -0.026199545711278915,
              1
            ]
          }
        }
      }
    },
    {
      "rotation": [
        0.12168308304237602,
        -0.5756698299312347,
        0.20296582635435975,
        0.7826891768387612
      ],
      "translation": [
        -0.008976314216852188,
        0.10388672351837158,
        -0.026199545711278915
      ],
      "scale": [
        1.000000238418579,
        1.000000238418579,
        1.0000001192092896
      ],
      "name": "palm04R",
      "extras": {
        "transformData": {
          "inheritType": 1,
          "eulerOrder": "ZYX",
          "translation": [
            -0.008976314216852188,
            0.10388672351837158,
            -0.026199545711278915
          ],
          "rotation": [
            -7.995048050880807,
            -71.90375780798789,
            34.8782278079813
          ],
          "scale": [
            1.000000238418579,
            1.000000238418579,
            1.0000001192092896
          ],
          "parentMatrixWorld": {
            "elements": [
              0.9951111826531943,
              0.09872231713805456,
              -0.0028065416525701278,
              0,
              -0.09859284260187014,
              0.99466695736509,
              0.0302816133069479,
              0,
              0.005781044934043674,
              -0.029856865331508543,
              0.9995374665874445,
              0,
              -5.075708031654358e-8,
              0.2948153018951416,
              0,
              1
            ]
          }
        }
      },
      "children": [
        12
      ]
    },
    {
      "rotation": [
        0.27688582524073807,
        -0.030488870716553824,
        0.048076728726935816,
        0.9592149376954581
      ],
      "translation": [
        3.725290298461914e-9,
        0.06041518971323967,
        -5.797483026981354e-8
      ],
      "scale": [
        0.9999999403953551,
        0.9999999403953552,
        0.9999999403953553
      ],
      "name": "f_ring01R",
      "extras": {
        "transformData": {
          "inheritType": 1,
          "eulerOrder": "ZYX",
          "translation": [
            3.725290298461914e-9,
            0.06041518971323967,
            -5.797483026981354e-8
          ],
          "rotation": [
            32.017505526959006,
            -4.882597013563581,
            4.336983573416391
          ],
          "scale": [
            0.9999999403953552,
            0.9999999403953552,
            0.9999999403953552
          ],
          "parentMatrixWorld": {
            "elements": [
              0.1205779935496901,
              0.0886028780139528,
              0.9887421070817155,
              0,
              -0.531456894007534,
              0.8470127319177883,
              -0.011090616801142927,
              0,
              -0.8384596139446155,
              -0.5241363999191471,
              0.14921967049837037,
              0,
              -0.00420053256675601,
              0.10749522596597672,
              -0.008870811201632023,
              1
            ]
          }
        }
      }
    },
    {
      "rotation": [
        0.17631333073927255,
        -0.627936122670482,
        0.21308975443397035,
        0.7274631205803188
      ],
      "translation": [
        -0.00420053256675601,
        0.10749522596597672,
        -0.008870811201632023
      ],
      "scale": [
        1.000000238418579,
        1,
        1
      ],
      "name": "palm03R",
      "extras": {
        "transformData": {
          "inheritType": 1,
          "eulerOrder": "ZYX",
          "translation": [
            -0.00420053256675601,
            0.10749522596597672,
            -0.008870811201632023
          ],
          "rotation": [
            -4.2506414445709675,
            -81.394442263504,
            36.30911487305853
          ],
          "scale": [
            1.000000238418579,
            1,
            1
          ],
          "parentMatrixWorld": {
            "elements": [
              0.9951111826531943,
              0.09872231713805456,
              -0.0028065416525701278,
              0,
              -0.09859284260187014,
              0.99466695736509,
              0.0302816133069479,
              0,
              0.005781044934043674,
              -0.029856865331508543,
              0.9995374665874445,
              0,
              -5.075708031654358e-8,
              0.2948153018951416,
              0,
              1
            ]
          }
        }
      },
      "children": [
        14
      ]
    },
    {
      "rotation": [
        0.015054740012724194,
        0.002149769621850428,
        0.0493948021275244,
        0.9986635503594316
      ],
      "translation": [
        -5.075708031654358e-8,
        0.2948153018951416,
        0
      ],
      "scale": [
        1.0000001192092896,
        0.9999999403953554,
        1
      ],
      "name": "handR",
      "extras": {
        "transformData": {
          "inheritType": 1,
          "eulerOrder": "ZYX",
          "translation": [
            -5.075708031654358e-8,
            0.2948153018951416,
            0
          ],
          "rotation": [
            1.7352808487412015,
            0.16080318365024987,
            5.665622279731713
          ],
          "scale": [
            1.0000001192092896,
            0.9999999403953552,
            1
          ],
          "parentMatrixWorld": {
            "elements": [
              0.9293770795005035,
              0.19949324460481044,
              0.31058121233609687,
              0,
              -0.24175748873782946,
              0.9647759422761504,
              0.10373320893068978,
              0,
              -0.2789472239885253,
              -0.17149261092850157,
              0.9448696897593979,
              0,
              -2.561137080192566e-8,
              0.3048078417778015,
              1.1175870895385742e-8,
              1
            ]
          }
        }
      },
      "children": [
        7,
        9,
        11,
        13,
        15
      ]
    },
    {
      "rotation": [
        0.07023423303458289,
        -0.1504403789889699,
        0.11260174341191734,
        0.9796712164090031
      ],
      "translation": [
        -2.561137080192566e-8,
        0.3048078417778015,
        1.1175870895385742e-8
      ],
      "scale": [
        0.9999999999999999,
        0.9999999403953551,
        0.9999999999999999
      ],
      "name": "forearmR",
      "extras": {
        "transformData": {
          "inheritType": 1,
          "eulerOrder": "ZYX",
          "translation": [
            -2.561137080192566e-8,
            0.3048078417778015,
            1.1175870895385742e-8
          ],
          "rotation": [
            6.265168601112616,
            -18.094260526536395,
            12.11485594123971
          ],
          "scale": [
            1,
            0.9999999403953552,
            1
          ],
          "parentMatrixWorld": {
            "elements": [
              -0.3504731078327915,
              0.8735626107765545,
              0.33772356174520574,
              0,
              -0.09847774535493675,
              0.32422425716172476,
              -0.940840456580039,
              0,
              -0.9313810499631959,
              -0.362997468797326,
              -0.027605401770369953,
              0,
              -0.011010595597326756,
              0.20625421404838562,
              -0.0022367872297763824,
              1
            ]
          }
        }
      },
      "children": [
        16
      ]
    },
    {
      "rotation": [
        0.2970303352356915,
        0.6523616187803072,
        -0.4996607362690312,
        -0.48635012791527016
      ],
      "translation": [
        -0.011010595597326756,
        0.20625421404838562,
        -0.0022367872297763824
      ],
      "scale": [
        1.0000001192092896,
        1,
        0.9999999403953553
      ],
      "name": "upper_armR",
      "extras": {
        "transformData": {
          "inheritType": 1,
          "eulerOrder": "ZYX",
          "translation": [
            -0.011010595597326756,
            0.20625421404838562,
            -0.0022367872297763824
          ],
          "rotation": [
            -91.68064568184067,
            -19.738239248434272,
            111.86064449031845
          ],
          "scale": [
            1.0000001192092896,
            1,
            0.9999999403953552
          ],
          "parentMatrixWorld": {
            "elements": [
              0.5070948697413564,
              0.024689202297017376,
              -0.8615365554472624,
              0,
              -0.8618900818282104,
              0.013912328498344449,
              -0.5069042650855435,
              0,
              -0.0005290823416674932,
              0.9995983049666217,
              0.02833424730686361,
              0,
              -0.018300000578165054,
              0.1372210830450058,
              0.0782509371638298,
              1
            ]
          }
        }
      },
      "children": [
        17
      ]
    },
    {
      "rotation": [
        -0.6051545860867484,
        0.3458624039127669,
        0.3561344727613488,
        0.6223627252726938
      ],
      "translation": [
        -0.018300000578165054,
        0.1372210830450058,
        0.0782509371638298
      ],
      "scale": [
        1,
        0.9999999999999999,
        0.9999999403953551
      ],
      "name": "shoulderR",
      "extras": {
        "transformData": {
          "inheritType": 1,
          "eulerOrder": "ZYX",
          "translation": [
            -0.018300000578165054,
            0.1372210830450058,
            0.0782509371638298
          ],
          "rotation": [
            -86.80068725573084,
            59.489547482031206,
            2.7873895281116257
          ],
          "scale": [
            1,
            1,
            0.9999999403953552
          ],
          "parentMatrixWorld": {
            "elements": [
              1,
              0,
              0,
              0,
              0,
              0.9999947047727554,
              0.0032542935408035214,
              0,
              0,
              -0.0032542935408035214,
              0.9999947047727554,
              0,
              0,
              0.17288750410079956,
              0,
              1
            ]
          }
        }
      },
      "children": [
        18
      ]
    },
    {
      "rotation": [
        0.14779767517074582,
        -0.025238816385553347,
        0.031355595119928206,
        0.9881981967278902
      ],
      "translation": [
        -2.9802322387695312e-8,
        0.052685968577861786,
        1.862645149230957e-8
      ],
      "scale": [
        1,
        0.9999998807907106,
        1
      ],
      "name": "f_index01L",
      "extras": {
        "transformData": {
          "inheritType": 1,
          "eulerOrder": "ZYX",
          "translation": [
            -2.9802322387695312e-8,
            0.052685968577861786,
            1.862645149230957e-8
          ],
          "rotation": [
            16.919847064793135,
            -3.3910518922411073,
            3.13026289001215
          ],
          "scale": [
            1,
            0.9999998807907104,
            1
          ],
          "parentMatrixWorld": {
            "elements": [
              -0.13504194343765907,
              -0.000559519656269214,
              -0.9908397249052614,
              0,
              0.470127014296642,
              0.8802338730232689,
              -0.0645708606741121,
              0,
              0.8722067132893079,
              -0.47454023946149304,
              -0.11860543344841004,
              0,
              0.000878993421792984,
              0.10688158869743347,
              0.03865623474121094,
              1
            ]
          }
        }
      }
    },
    {
      "rotation": [
        0.16072477462472406,
        0.7303904821919592,
        -0.18452835891056635,
        0.6376884624195439
      ],
      "translation": [
        0.000878993421792984,
        0.10688158869743347,
        0.03865623474121094
      ],
      "scale": [
        1,
        1.000000238418579,
        1.0000001192092896
      ],
      "name": "palm01L",
      "extras": {
        "transformData": {
          "inheritType": 1,
          "eulerOrder": "ZYX",
          "translation": [
            0.000878993421792984,
            0.10688158869743347,
            0.03865623474121094
          ],
          "rotation": [
            28.564638288295168,
            97.7611123074178,
            0.23739240267049036
          ],
          "scale": [
            1,
            1.000000238418579,
            1.0000001192092896
          ],
          "parentMatrixWorld": {
            "elements": [
              0.9951110640748302,
              -0.09872230537421242,
              0.002806524088604555,
              0,
              0.0985928370937137,
              0.9946668972482297,
              0.03028163756845473,
              0,
              -0.00578102967852892,
              -0.029856889410405974,
              0.9995373466919713,
              0,
              7.078051567077637e-8,
              0.29481539130210876,
              4.470348358154297e-8,
              1
            ]
          }
        }
      },
      "children": [
        20
      ]
    },
    {
      "rotation": [
        0.21487382245063708,
        -0.0053658411245975654,
        0.033775352721760576,
        0.9760428646955002
      ],
      "translation": [
        -1.4901161193847656e-8,
        0.05409933999180794,
        -4.0978193283081055e-8
      ],
      "scale": [
        0.9999999999999999,
        1,
        1
      ],
      "name": "f_middle01L",
      "extras": {
        "transformData": {
          "inheritType": 1,
          "eulerOrder": "ZYX",
          "translation": [
            -1.4901161193847656e-8,
            0.05409933999180794,
            -4.0978193283081055e-8
          ],
          "rotation": [
            24.78538875259498,
            -1.4319396612613586,
            3.6491310169168623
          ],
          "parentMatrixWorld": {
            "elements": [
              -0.08761936523251057,
              -0.011241529643605808,
              -0.9960905957027826,
              0,
              0.4647248967511617,
              0.8839936436489813,
              -0.05085515457073441,
              0,
              0.8811093397910056,
              -0.4673639398909443,
              -0.07223073461257366,
              0,
              0.008090272545814514,
              0.10410468280315399,
              0.01733878254890442,
              1
            ]
          }
        }
      }
    },
    {
      "rotation": [
        0.15860156927921873,
        0.7148152974919157,
        -0.18124230490644105,
        0.6565332128734341
      ],
      "translation": [
        0.008090272545814514,
        0.10410468280315399,
        0.01733878254890442
      ],
      "scale": [
        1,
        1.0000001192092896,
        0.9999999999999999
      ],
      "name": "palm02L",
      "extras": {
        "transformData": {
          "inheritType": 1,
          "eulerOrder": "ZYX",
          "translation": [
            0.008090272545814514,
            0.10410468280315399,
            0.01733878254890442
          ],
          "rotation": [
            35.14804418585889,
            95.06797554787094,
            7.311084860226777
          ],
          "scale": [
            1,
            1.0000001192092896,
            1
          ],
          "parentMatrixWorld": {
            "elements": [
              0.9951110640748302,
              -0.09872230537421242,
              0.002806524088604555,
              0,
              0.0985928370937137,
              0.9946668972482297,
              0.03028163756845473,
              0,
              -0.00578102967852892,
              -0.029856889410405974,
              0.9995373466919713,
              0,
              7.078051567077637e-8,
              0.29481539130210876,
              4.470348358154297e-8,
              1
            ]
          }
        }
      },
      "children": [
        22
      ]
    },
    {
      "rotation": [
        0.09542049615257034,
        -0.14980775676651958,
        0.1533979478998812,
        0.9720707970650524
      ],
      "translation": [
        -2.421438694000244e-8,
        0.041091155260801315,
        2.2351741790771484e-8
      ],
      "name": "thumb02L",
      "extras": {
        "transformData": {
          "inheritType": 1,
          "eulerOrder": "ZYX",
          "translation": [
            -2.421438694000244e-8,
            0.041091155260801315,
            2.2351741790771484e-8
          ],
          "rotation": [
            8.471831967214486,
            -18.694502673438993,
            16.53828879209413
          ],
          "parentMatrixWorld": {
            "elements": [
              -0.9348625925200352,
              -0.1287404332568325,
              0.33084412334445534,
              0,
              0.04916815289734136,
              0.8759952985802504,
              0.4798074680985872,
              0,
              -0.3515884760229159,
              0.4648209925679328,
              -0.8126052096895753,
              0,
              -0.006331413984298706,
              0.033509761095047,
              0.045747749507427216,
              1
            ]
          }
        }
      }
    },
    {
      "rotation": [
        -0.020901139757892893,
        0.9517697719336171,
        0.24812415741609714,
        -0.17925358042952252
      ],
      "translation": [
        -0.006331413984298706,
        0.033509761095047,
        0.045747749507427216
      ],
      "scale": [
        0.9999999999999999,
        1.000000238418579,
        1.0000001192092896
      ],
      "name": "thumb01L",
      "extras": {
        "transformData": {
          "inheritType": 1,
          "eulerOrder": "ZYX",
          "translation": [
            -0.006331413984298706,
            0.033509761095047,
            0.045747749507427216
          ],
          "rotation": [
            -30.559970478834966,
            -160.67998165849653,
            7.84091544074936
          ],
          "scale": [
            1,
            1.000000238418579,
            1.0000001192092896
          ],
          "parentMatrixWorld": {
            "elements": [
              0.9951110640748302,
              -0.09872230537421242,
              0.002806524088604555,
              0,
              0.0985928370937137,
              0.9946668972482297,
              0.03028163756845473,
              0,
              -0.00578102967852892,
              -0.029856889410405974,
              0.9995373466919713,
              0,
              7.078051567077637e-8,
              0.29481539130210876,
              4.470348358154297e-8,
              1
            ]
          }
        }
      },
      "children": [
        24
      ]
    },
    {
      "rotation": [
        0.27688576756499633,
        0.030488864915112095,
        -0.04807671670313789,
        0.9592149551311099
      ],
      "translation": [
        0,
        0.06041523441672325,
        -3.725290298461914e-9
      ],
      "scale": [
        0.9999997615814208,
        0.9999998807907104,
        0.9999997615814208
      ],
      "name": "f_ring01L",
      "extras": {
        "transformData": {
          "inheritType": 1,
          "eulerOrder": "ZYX",
          "translation": [
            0,
            0.06041523441672325,
            -3.725290298461914e-9
          ],
          "rotation": [
            32.017498696769835,
            4.882595732903112,
            -4.336982719642744
          ],
          "scale": [
            0.9999997615814209,
            0.9999998807907104,
            0.9999997615814209
          ],
          "parentMatrixWorld": {
            "elements": [
              0.12057802142480215,
              -0.08860280995559823,
              -0.9887419892144994,
              0,
              0.5314568024709323,
              0.8470127900801525,
              -0.011090561212483196,
              0,
              0.8384596658892028,
              -0.5241363156472773,
              0.14921967462993657,
              0,
              0.0042005665600299835,
              0.10749512910842896,
              -0.008870802819728851,
              1
            ]
          }
        }
      }
    },
    {
      "rotation": [
        0.17631331652820104,
        0.6279361250157998,
        -0.2130896979554622,
        0.7274631385439527
      ],
      "translation": [
        0.0042005665600299835,
        0.10749512910842896,
        -0.008870802819728851
      ],
      "scale": [
        1.0000001192092896,
        1,
