[gd_resource type="SkeletonProfile" format=3 uid="uid://r880usjmgvyu"]

[resource]
group_size = 1
bone_size = 42
groups/0/group_name = &""
bones/0/bone_name = &"spine"
bones/0/bone_parent = &""
bones/0/tail_direction = 0
bones/0/reference_pose = Transform3D(1, 0, 0, 0, 0.968339, -0.249639, 0, 0.249639, 0.968339, 0, 1.0099, -0.0552)
bones/0/handle_offset = Vector2(0.5, 0.41982)
bones/0/group = &""
bones/0/require = false
bones/1/bone_name = &"spine.001"
bones/1/bone_parent = &"spine"
bones/1/tail_direction = 0
bones/1/reference_pose = Transform3D(1, 0, 0, 0, 0.991686, 0.128684, 0, -0.128684, 0.991686, 0, 0.152219, -1.49012e-08)
bones/1/handle_offset = Vector2(0.5, 0.343631)
bones/1/group = &""
bones/1/require = false
bones/2/bone_name = &"spine.002"
bones/2/bone_parent = &"spine.001"
bones/2/tail_direction = 0
bones/2/reference_pose = Transform3D(1, 0, 0, 0, 0.987999, 0.154463, 0, -0.154463, 0.987999, 0, 0.136637, 2.61934e-09)
bones/2/handle_offset = Vector2(0.5, 0.27354)
bones/2/group = &""
bones/2/require = false
bones/3/bone_name = &"spine.003"
bones/3/bone_parent = &"spine.002"
bones/3/tail_direction = 0
bones/3/reference_pose = Transform3D(1, 0, 0, 0, 0.999995, -0.00325429, 0, 0.00325429, 0.999995, 0, 0.172888, -4.65661e-10)
bones/3/handle_offset = Vector2(0.5, 0.184221)
bones/3/group = &""
bones/3/require = false
bones/4/bone_name = &"spine.004"
bones/4/bone_parent = &"spine.003"
bones/4/tail_direction = 0
bones/4/reference_pose = Transform3D(1, 1.865e-17, -2.06209e-17, -2.11451e-17, 0.99171, -0.128498, 1.80534e-17, 0.128498, 0.99171, 0, 0.192578, -1.86265e-09)
bones/4/handle_offset = Vector2(0.5, 0.0847196)
bones/4/group = &""
bones/4/require = false
bones/5/bone_name = &"spine.005"
bones/5/bone_parent = &"spine.004"
bones/5/tail_direction = 0
bones/5/reference_pose = Transform3D(0.999993, -0.00361007, -0.000698098, 0.00361106, 0.999992, 0.00142469, 0.00069295, -0.0014272, 0.999999, -4.58827e-24, 0.0675093, -1.35042e-08)
bones/5/handle_offset = Vector2(0.5, 0.05)
bones/5/group = &""
bones/5/require = false
bones/6/bone_name = &"shoulder.L"
bones/6/bone_parent = &"spine.003"
bones/6/tail_direction = 0
bones/6/reference_pose = Transform3D(0.507095, 0.86189, 0.000529021, -0.0246891, 0.0139123, 0.999598, 0.861537, -0.506904, 0.0283342, 0.0183, 0.137221, 0.0782509)
bones/6/handle_offset = Vector2(0.509459, 0.112166)
bones/6/group = &""
bones/6/require = false
bones/7/bone_name = &"upper_arm.L"
bones/7/bone_parent = &"shoulder.L"
bones/7/tail_direction = 0
bones/7/reference_pose = Transform3D(-0.330878, 0.0829427, 0.940021, -0.900307, 0.270759, -0.340789, -0.282786, -0.959067, -0.0149145, 0.0110106, 0.206254, -0.00223691)
bones/7/handle_offset = Vector2(0.604231, 0.113384)
bones/7/group = &""
bones/7/require = false
bones/8/bone_name = &"forearm.L"
bones/8/bone_parent = &"upper_arm.L"
bones/8/tail_direction = 0
bones/8/reference_pose = Transform3D(0.929377, 0.241757, 0.278947, -0.199493, 0.964776, -0.171493, -0.310581, 0.103733, 0.94487, 3.35276e-08, 0.304807, -5.58794e-09)
bones/8/handle_offset = Vector2(0.647545, 0.264513)
bones/8/group = &""
bones/8/require = false
bones/9/bone_name = &"hand.L"
bones/9/bone_parent = &"forearm.L"
bones/9/tail_direction = 0
bones/9/reference_pose = Transform3D(0.995111, 0.0985928, -0.00578105, -0.0987223, 0.994667, -0.0298569, 0.00280655, 0.0302816, 0.999537, 6.75209e-09, 0.294815, 1.86265e-09)
bones/9/handle_offset = Vector2(0.656081, 0.41617)
bones/9/group = &""
bones/9/require = false
bones/10/bone_name = &"palm.01.L"
bones/10/bone_parent = &"hand.L"
bones/10/tail_direction = 0
bones/10/reference_pose = Transform3D(-0.135042, 0.470127, 0.872207, -0.000559568, 0.880234, -0.47454, -0.99084, -0.0645709, -0.118606, 0.000878973, 0.106882, 0.0386562)
bones/10/handle_offset = Vector2(0.650426, 0.46905)
bones/10/group = &""
bones/10/require = false
bones/11/bone_name = &"f_index.01.L"
bones/11/bone_parent = &"palm.01.L"
bones/11/tail_direction = 0
bones/11/reference_pose = Transform3D(0.99676, -0.0694316, -0.0406133, 0.0545106, 0.954345, -0.29369, 0.0591504, 0.290524, 0.955038, -1.86265e-09, 0.0526861, -2.56114e-08)
bones/11/handle_offset = Vector2(0.636885, 0.492648)
bones/11/group = &""
bones/11/require = false
bones/12/bone_name = &"thumb.01.L"
bones/12/bone_parent = &"hand.L"
bones/12/tail_direction = 0
bones/12/reference_pose = Transform3D(-0.934863, 0.0491681, -0.351588, -0.12874, 0.875995, 0.464821, 0.330844, 0.479808, -0.812605, -0.00633145, 0.0335098, 0.0457477)
bones/12/handle_offset = Vector2(0.655369, 0.431089)
bones/12/group = &""
bones/12/require = false
bones/13/bone_name = &"thumb.02.L"
bones/13/bone_parent = &"thumb.01.L"
bones/13/tail_direction = 0
bones/13/reference_pose = Transform3D(0.908053, -0.326817, -0.261973, 0.269638, 0.934728, -0.231471, 0.320522, 0.139551, 0.936905, -2.79397e-08, 0.041091, -4.47035e-08)
bones/13/handle_offset = Vector2(0.65212, 0.448516)
bones/13/group = &""
bones/13/require = false
bones/14/bone_name = &"palm.02.L"
bones/14/bone_parent = &"hand.L"
bones/14/tail_direction = 0
bones/14/reference_pose = Transform3D(-0.0876193, 0.464725, 0.881109, -0.0112414, 0.883993, -0.467364, -0.99609, -0.0508551, -0.0722307, 0.00809022, 0.104105, 0.0173388)
bones/14/handle_offset = Vector2(0.648273, 0.468624)
bones/14/group = &""
bones/14/require = false
bones/15/bone_name = &"f_middle.01.L"
bones/15/bone_parent = &"palm.02.L"
bones/15/tail_direction = 0
bones/15/reference_pose = Transform3D(0.997661, -0.0682383, 0.0040403, 0.0636264, 0.905377, -0.419815, 0.0249895, 0.41909, 0.907601, 5.58794e-09, 0.0540993, -3.37313e-08)
bones/15/handle_offset = Vector2(0.634462, 0.492926)
bones/15/group = &""
bones/15/require = false
bones/16/bone_name = &"palm.03.L"
bones/16/bone_parent = &"hand.L"
bones/16/tail_direction = 0
bones/16/reference_pose = Transform3D(0.120578, 0.531457, 0.83846, -0.0886028, 0.847013, -0.524136, -0.988742, -0.0110906, 0.14922, 0.00420054, 0.107495, -0.0088708)
bones/16/handle_offset = Vector2(0.651991, 0.471812)
bones/16/group = &""
bones/16/require = false
bones/17/bone_name = &"f_ring.01.L"
bones/17/bone_parent = &"palm.03.L"
bones/17/tail_direction = 0
bones/17/reference_pose = Transform3D(0.993518, 0.109116, 0.0318672, -0.0753479, 0.842046, -0.534117, -0.0851143, 0.528254, 0.844809, 1.39698e-09, 0.0604152, 1.70839e-08)
bones/17/handle_offset = Vector2(0.634392, 0.497608)
bones/17/group = &""
bones/17/require = false
bones/18/bone_name = &"palm.04.L"
bones/18/bone_parent = &"hand.L"
bones/18/tail_direction = 0
bones/18/reference_pose = Transform3D(0.254818, 0.457817, 0.851746, -0.17762, 0.887996, -0.424163, -0.950536, -0.0432025, 0.307595, 0.00897633, 0.103887, -0.0261995)
bones/18/handle_offset = Vector2(0.650828, 0.470789)
bones/18/group = &""
bones/18/require = false
bones/19/bone_name = &"f_pinky.01.L"
bones/19/bone_parent = &"palm.04.L"
bones/19/tail_direction = 0
bones/19/reference_pose = Transform3D(0.998144, -0.0159769, 0.0587558, 0.0381037, 0.916561, -0.398074, -0.0474933, 0.399574, 0.91547, 1.86265e-09, 0.0562484, 2.37487e-08)
bones/19/handle_offset = Vector2(0.636632, 0.496156)
bones/19/group = &""
bones/19/require = false
bones/20/bone_name = &"shoulder.R"
bones/20/bone_parent = &"spine.003"
bones/20/tail_direction = 0
bones/20/reference_pose = Transform3D(0.507095, -0.86189, -0.000529021, 0.0246891, 0.0139123, 0.999598, -0.861537, -0.506904, 0.0283342, -0.0183, 0.137221, 0.0782509)
bones/20/handle_offset = Vector2(0.490541, 0.112166)
bones/20/group = &""
bones/20/require = false
bones/21/bone_name = &"upper_arm.R"
bones/21/bone_parent = &"shoulder.R"
bones/21/tail_direction = 0
bones/21/reference_pose = Transform3D(-0.330878, -0.0829427, -0.940021, 0.900307, 0.270759, -0.340789, 0.282786, -0.959067, -0.0149145, -0.0110106, 0.206254, -0.00223691)
bones/21/handle_offset = Vector2(0.395768, 0.113384)
bones/21/group = &""
bones/21/require = false
bones/22/bone_name = &"forearm.R"
bones/22/bone_parent = &"upper_arm.R"
bones/22/tail_direction = 0
bones/22/reference_pose = Transform3D(0.929377, -0.241757, -0.278947, 0.199493, 0.964776, -0.171493, 0.310581, 0.103733, 0.94487, -3.35276e-08, 0.304807, -5.58794e-09)
bones/22/handle_offset = Vector2(0.352455, 0.264513)
bones/22/group = &""
bones/22/require = false
bones/23/bone_name = &"hand.R"
bones/23/bone_parent = &"forearm.R"
bones/23/tail_direction = 0
bones/23/reference_pose = Transform3D(0.995111, -0.0985928, 0.00578105, 0.0987223, 0.994667, -0.0298569, -0.00280655, 0.0302816, 0.999537, -6.75209e-09, 0.294815, 1.86265e-09)
bones/23/handle_offset = Vector2(0.343919, 0.41617)
bones/23/group = &""
bones/23/require = false
bones/24/bone_name = &"palm.01.R"
bones/24/bone_parent = &"hand.R"
bones/24/tail_direction = 0
bones/24/reference_pose = Transform3D(-0.135042, -0.470127, -0.872207, 0.000559568, 0.880234, -0.47454, 0.99084, -0.0645709, -0.118606, -0.000878973, 0.106882, 0.0386562)
bones/24/handle_offset = Vector2(0.349574, 0.46905)
bones/24/group = &""
bones/24/require = false
bones/25/bone_name = &"f_index.01.R"
bones/25/bone_parent = &"palm.01.R"
bones/25/tail_direction = 0
bones/25/reference_pose = Transform3D(0.99676, 0.0694316, 0.0406133, -0.0545106, 0.954345, -0.29369, -0.0591504, 0.290524, 0.955038, 1.86265e-09, 0.0526861, -2.56114e-08)
bones/25/handle_offset = Vector2(0.363115, 0.492648)
bones/25/group = &""
bones/25/require = false
bones/26/bone_name = &"thumb.01.R"
bones/26/bone_parent = &"hand.R"
bones/26/tail_direction = 0
bones/26/reference_pose = Transform3D(-0.934863, -0.0491681, 0.351588, 0.12874, 0.875995, 0.464821, -0.330844, 0.479808, -0.812605, 0.00633145, 0.0335098, 0.0457477)
bones/26/handle_offset = Vector2(0.344631, 0.431089)
bones/26/group = &""
bones/26/require = false
bones/27/bone_name = &"thumb.02.R"
bones/27/bone_parent = &"thumb.01.R"
bones/27/tail_direction = 0
bones/27/reference_pose = Transform3D(0.908053, 0.326817, 0.261973, -0.269638, 0.934728, -0.231471, -0.320522, 0.139551, 0.936905, 2.79397e-08, 0.041091, -4.47035e-08)
bones/27/handle_offset = Vector2(0.34788, 0.448516)
bones/27/group = &""
bones/27/require = false
bones/28/bone_name = &"palm.02.R"
bones/28/bone_parent = &"hand.R"
bones/28/tail_direction = 0
bones/28/reference_pose = Transform3D(-0.0876193, -0.464725, -0.881109, 0.0112414, 0.883993, -0.467364, 0.99609, -0.0508551, -0.0722307, -0.00809022, 0.104105, 0.0173388)
bones/28/handle_offset = Vector2(0.351727, 0.468624)
bones/28/group = &""
bones/28/require = false
bones/29/bone_name = &"f_middle.01.R"
bones/29/bone_parent = &"palm.02.R"
bones/29/tail_direction = 0
bones/29/reference_pose = Transform3D(0.997661, 0.0682383, -0.0040403, -0.0636264, 0.905377, -0.419815, -0.0249895, 0.41909, 0.907601, -5.58794e-09, 0.0540993, -3.37313e-08)
bones/29/handle_offset = Vector2(0.365538, 0.492926)
bones/29/group = &""
bones/29/require = false
bones/30/bone_name = &"palm.03.R"
bones/30/bone_parent = &"hand.R"
bones/30/tail_direction = 0
bones/30/reference_pose = Transform3D(0.120578, -0.531457, -0.83846, 0.0886028, 0.847013, -0.524136, 0.988742, -0.0110906, 0.14922, -0.00420054, 0.107495, -0.0088708)
bones/30/handle_offset = Vector2(0.348009, 0.471812)
bones/30/group = &""
bones/30/require = false
bones/31/bone_name = &"f_ring.01.R"
bones/31/bone_parent = &"palm.03.R"
bones/31/tail_direction = 0
bones/31/reference_pose = Transform3D(0.993518, -0.109116, -0.0318672, 0.0753479, 0.842046, -0.534117, 0.0851143, 0.528254, 0.844809, -1.39698e-09, 0.0604152, 1.70839e-08)
bones/31/handle_offset = Vector2(0.365608, 0.497608)
bones/31/group = &""
bones/31/require = false
bones/32/bone_name = &"palm.04.R"
bones/32/bone_parent = &"hand.R"
bones/32/tail_direction = 0
bones/32/reference_pose = Transform3D(0.254818, -0.457817, -0.851746, 0.17762, 0.887996, -0.424163, 0.950536, -0.0432025, 0.307595, -0.00897633, 0.103887, -0.0261995)
bones/32/handle_offset = Vector2(0.349172, 0.470789)
bones/32/group = &""
bones/32/require = false
bones/33/bone_name = &"f_pinky.01.R"
bones/33/bone_parent = &"palm.04.R"
bones/33/tail_direction = 0
bones/33/reference_pose = Transform3D(0.998144, 0.0159769, -0.0587558, -0.0381037, 0.916561, -0.398074, 0.0474933, 0.399574, 0.91547, -1.86265e-09, 0.0562484, 2.37487e-08)
bones/33/handle_offset = Vector2(0.363368, 0.496156)
bones/33/group = &""
bones/33/require = false
bones/34/bone_name = &"thigh.L"
bones/34/bone_parent = &"spine"
bones/34/tail_direction = 0
bones/34/reference_pose = Transform3D(0.999789, 0.0205599, -3.9949e-05, 0.0199572, -0.970942, -0.238481, -0.00494194, 0.23843, -0.971146, 0.102515, -0.0035065, 0.0451034)
bones/34/handle_offset = Vector2(0.552989, 0.427395)
bones/34/group = &""
bones/34/require = false
bones/35/bone_name = &"shin.L"
bones/35/bone_parent = &"thigh.L"
bones/35/tail_direction = 0
bones/35/reference_pose = Transform3D(0.999411, 0.0342852, 0.00149994, -0.0340923, 0.996895, -0.0709784, -0.00392879, 0.0708854, 0.997477, 3.5775e-09, 0.439204, 2.6439e-09)
bones/35/handle_offset = Vector2(0.557657, 0.654353)
bones/35/group = &""
bones/35/require = false
bones/36/bone_name = &"foot.L"
bones/36/bone_parent = &"shin.L"
bones/36/tail_direction = 0
bones/36/reference_pose = Transform3D(0.998192, 0.0252301, -0.0545559, 0.0520974, 0.0895404, 0.99462, 0.0299793, -0.995664, 0.0880641, -2.01399e-08, 0.544064, -1.89445e-09)
bones/36/handle_offset = Vector2(0.573059, 0.934197)
bones/36/group = &""
bones/36/require = false
bones/37/bone_name = &"toe.L"
bones/37/bone_parent = &"foot.L"
bones/37/tail_direction = 0
bones/37/reference_pose = Transform3D(-0.998617, 0.0431022, -0.0301164, 0.0426674, 0.998977, 0.014935, 0.0307293, 0.0136293, -0.999435, 2.11003e-10, 0.180023, 4.7163e-10)
bones/37/handle_offset = Vector2(0.57586, 0.95)
bones/37/group = &""
bones/37/require = false
bones/38/bone_name = &"thigh.R"
bones/38/bone_parent = &"spine"
bones/38/tail_direction = 0
bones/38/reference_pose = Transform3D(0.999789, -0.0205599, 3.9949e-05, -0.0199572, -0.970942, -0.238481, 0.00494194, 0.23843, -0.971146, -0.102515, -0.0035065, 0.0451034)
bones/38/handle_offset = Vector2(0.447011, 0.427395)
bones/38/group = &""
bones/38/require = false
bones/39/bone_name = &"shin.R"
bones/39/bone_parent = &"thigh.R"
bones/39/tail_direction = 0
bones/39/reference_pose = Transform3D(0.999411, -0.0342852, -0.00149994, 0.0340923, 0.996895, -0.0709784, 0.00392879, 0.0708854, 0.997477, -3.5775e-09, 0.439204, 2.6439e-09)
bones/39/handle_offset = Vector2(0.442343, 0.654353)
bones/39/group = &""
bones/39/require = false
bones/40/bone_name = &"foot.R"
bones/40/bone_parent = &"shin.R"
bones/40/tail_direction = 0
bones/40/reference_pose = Transform3D(0.998192, -0.0252301, 0.0545559, -0.0520974, 0.0895404, 0.99462, -0.0299793, -0.995664, 0.0880641, 2.01399e-08, 0.544064, -1.89445e-09)
bones/40/handle_offset = Vector2(0.426941, 0.934197)
bones/40/group = &""
bones/40/require = false
bones/41/bone_name = &"toe.R"
bones/41/bone_parent = &"foot.R"
bones/41/tail_direction = 0
bones/41/reference_pose = Transform3D(-0.998617, -0.0431022, 0.0301164, -0.0426674, 0.998977, 0.014935, -0.0307293, 0.0136293, -0.999435, -2.11003e-10, 0.180023, 4.7163e-10)
bones/41/handle_offset = Vector2(0.42414, 0.95)
bones/41/group = &""
bones/41/require = false
